image_width: 320
image_height: 240
camera_name: camera
camera_matrix:
  rows: 3
  cols: 3
  data: [259.412079, 0, 166.663482, 0, 259.071785, 133.621031, 0, 0, 1]
distortion_model: plumb_bob
distortion_coefficients:
  rows: 1
  cols: 5
  data: [0.07449599999999999, -0.147196, 0.004075, -0.000437, 0]
rectification_matrix:
  rows: 3
  cols: 3
  data: [1, 0, 0, 0, 1, 0, 0, 0, 1]
projection_matrix:
  rows: 3
  cols: 4
  data: [260.534912, 0, 166.203915, 0, 0, 260.228027, 133.797751, 0, 0, 0, 1, 0]
